

  alpha     CL        CD       CDp       Cm    TopXtr BotXtr   Cpmin    Chinge    XCp    
 ------- -------- --------- --------- -------- ------- ------- -------- --------- ---------
  -2.000  -0.2309   0.00581   0.00128   0.0011  0.6795  0.5701  -0.6171   0.0000   0.2491
  -1.000  -0.1164   0.00572   0.00119   0.0007  0.6524  0.6065  -0.5200   0.0000   0.2511
   0.000  -0.0002   0.00570   0.00116   0.0000  0.6288  0.6294  -0.4620   0.0000   0.4275
   1.000   0.1159   0.00572   0.00120  -0.0007  0.6060  0.6540  -0.5202   0.0000   0.2503
   2.000   0.2313   0.00580   0.00128  -0.0012  0.5708  0.6791  -0.6178   0.0000   0.2495
   3.000   0.3452   0.00597   0.00145  -0.0013  0.5241  0.7073  -0.9575   0.0000   0.2480
   4.000   0.4562   0.00639   0.00176  -0.0010  0.4402  0.7365  -1.4989   0.0000   0.2459
   5.000   0.5432   0.00891   0.00303   0.0026  0.1258  0.7664  -2.0304   0.0000   0.2381
   6.000   0.6440   0.01018   0.00406   0.0043  0.0496  0.8018  -2.6525   0.0000   0.2354
   7.000   0.7452   0.01127   0.00518   0.0061  0.0258  0.8462  -3.3241   0.0000   0.2331
   8.000   0.8403   0.01243   0.00657   0.0092  0.0184  0.9143  -4.0581   0.0000   0.2293
   9.000   0.9448   0.01404   0.00839   0.0099  0.0152  0.9876  -4.9169   0.0000   0.2286
  10.000   1.0399   0.01590   0.01038   0.0116  0.0138  1.0000  -5.7993   0.0000   0.2266
  11.000   1.0980   0.01843   0.01305   0.0192  0.0128  1.0000  -6.5619   0.0000   0.2188
  12.000   1.1537   0.02202   0.01688   0.0247  0.0122  1.0000  -7.3321   0.0000   0.2133
  13.000   1.2106   0.02612   0.02122   0.0281  0.0113  1.0000  -8.1797   0.0000   0.2097
  14.000   1.2557   0.03164   0.02699   0.0308  0.0106  1.0000  -9.0524   0.0000   0.2064
  15.000   1.2712   0.04037   0.03605   0.0326  0.0100  1.0000  -9.8961   0.0000   0.2032


