
  alpha     CL        CD       CDp       Cm    TopXtr BotXtr   Cpmin    Chinge    XCp    
 ------- -------- --------- --------- -------- ------- ------- -------- --------- ---------
  -2.000  -0.2292   0.00708   0.00201   0.0007  0.7186  0.6149  -0.6145   0.0000   0.2473
  -1.000  -0.1150   0.00696   0.00188   0.0004  0.6912  0.6426  -0.5166   0.0000   0.2485
   0.000   0.0001   0.00693   0.00183  -0.0000  0.6661  0.6659  -0.4590   0.0000   0.5869
   1.000   0.1150   0.00696   0.00188  -0.0005  0.6426  0.6913  -0.5166   0.0000   0.2486
   2.000   0.2294   0.00703   0.00201  -0.0007  0.6153  0.7186  -0.6149   0.0000   0.2475
   3.000   0.3417   0.00714   0.00214  -0.0004  0.5700  0.7473  -0.9477   0.0000   0.2453
   4.000   0.4528   0.00732   0.00242   0.0001  0.5184  0.7780  -1.4794   0.0000   0.2433
   5.000   0.5454   0.00894   0.00326   0.0033  0.2799  0.8140  -2.0257   0.0000   0.2366
   6.000   0.6289   0.01140   0.00490   0.0076  0.0735  0.8584  -2.5840   0.0000   0.2299
   7.000   0.7192   0.01288   0.00645   0.0115  0.0370  0.9210  -3.1873   0.0000   0.2250
   8.000   0.8277   0.01503   0.00871   0.0110  0.0256  0.9827  -3.9068   0.0000   0.2268
   9.000   0.9192   0.01752   0.01131   0.0125  0.0213  1.0000  -4.6449   0.0000   0.2253
  10.000   0.9714   0.02003   0.01395   0.0211  0.0189  1.0000  -5.2912   0.0000   0.2159
  11.000   1.0217   0.02416   0.01833   0.0270  0.0177  1.0000  -5.9006   0.0000   0.2096
  12.000   1.0699   0.02915   0.02366   0.0314  0.0167  1.0000  -6.5130   0.0000   0.2051
  13.000   1.1075   0.03546   0.03030   0.0347  0.0160  1.0000  -7.0958   0.0000   0.2013
  14.000   1.1186   0.04485   0.04012   0.0374  0.0154  1.0000  -7.5798   0.0000   0.1972
  15.000   1.1061   0.05770   0.05361   0.0363  0.0151  1.0000  -8.0148   0.0000   0.1956


