

  alpha     CL        CD       CDp       Cm    TopXtr BotXtr   Cpmin    Chinge    XCp    
 ------- -------- --------- --------- -------- ------- ------- -------- --------- ---------
  -2.000  -0.2303   0.00626   0.00153   0.0009  0.6957  0.5893  -0.6162   0.0000   0.2484
  -1.000  -0.1156   0.00616   0.00143   0.0006  0.6689  0.6212  -0.5187   0.0000   0.2496
   0.000   0.0001   0.00614   0.00138  -0.0000  0.6445  0.6439  -0.4609   0.0000   0.5197
   1.000   0.1156   0.00616   0.00143  -0.0006  0.6215  0.6692  -0.5190   0.0000   0.2497
   2.000   0.2300   0.00625   0.00153  -0.0009  0.5887  0.6956  -0.6161   0.0000   0.2482
   3.000   0.3438   0.00641   0.00169  -0.0010  0.5444  0.7237  -0.9526   0.0000   0.2469
   4.000   0.4555   0.00669   0.00198  -0.0007  0.4805  0.7528  -1.4932   0.0000   0.2452
   5.000   0.5427   0.00904   0.00316   0.0030  0.1718  0.7856  -2.0246   0.0000   0.2373
   6.000   0.6383   0.01067   0.00439   0.0055  0.0585  0.8239  -2.6258   0.0000   0.2335
   7.000   0.7359   0.01187   0.00565   0.0079  0.0305  0.8767  -3.2704   0.0000   0.2303
   8.000   0.8273   0.01324   0.00725   0.0118  0.0212  0.9530  -3.9760   0.0000   0.2259
   9.000   0.9519   0.01531   0.00945   0.0076  0.0172  0.9973  -4.8889   0.0000   0.2311
  10.000   1.0095   0.01753   0.01177   0.0161  0.0156  1.0000  -5.5833   0.0000   0.2217
  11.000   1.0655   0.02065   0.01513   0.0228  0.0147  1.0000  -6.2828   0.0000   0.2148
  12.000   1.1180   0.02484   0.01959   0.0275  0.0139  1.0000  -6.9922   0.0000   0.2099
  13.000   1.1621   0.03026   0.02527   0.0309  0.0132  1.0000  -7.6958   0.0000   0.2061
  14.000   1.1820   0.03833   0.03370   0.0335  0.0124  1.0000  -8.3092   0.0000   0.2024
  15.000   1.1974   0.04768   0.04348   0.0339  0.0120  1.0000  -9.0912   0.0000   0.2003


